2222
5555
6222
5555
35536
3222
26266
6622
21666
152636
3632
3331
5555
6555
6161
6163
63116
4221
2111
32511
2222
6661
6212
2322
343336
5555
15155
6166
6141
2222
66622
13661
2626
5566
55255
6266
616161
6562
6626
4616
6555
1611
6454
2262
2262
2216
66656
2366
666622
6566
5555
26666
2622
6656
6636
6666
26611
2464
16122
5552
6644
5266
5555
4146
1121
2222
6355
62152
666666
22161
5555
3111
6612
5666
563666
5555
6665
2233
6151
663161
66565
6226
2222
5555
554453
2323
2622
6664
5521
51312
1111
6464
2226
5555
5556
2262
6666
6462
6666
2662
2261
6555
1166
461116
2555
6634
5555
1661611
1111
1221
2121
6266
5555
26222
36363
66664
5654
6664
3366
2611
1612
1416
6116
55551
2222
6666
1122
2122
2616
6666
6262
1612
46363
2226
66565
55552
21663
6616631
33333
5533
6666
6221
2222
63361
2212
55666
6666
6361
636333
5555
22111
6663
5555
6666
5555
6666
2525
2626
1222
6121
1111
2555
11151
6666
5555
2622
5555
5555
6646466
3333
1111
6111
4246
6122
3136
6666
5555
5555
11213
1222
3663
6116
6363
6221
5555
2622
6166
2652
3633
6111
33661
1146
6533
1161
6611
6633
211111
2121
1333
61665
22226
1211
6636
62223
5555
6444
1116
2666
5556
6622
6266
2216
333333
6461
2666
5242431
21162
6633
2131
2222
66624
5556
2121
652666
3336
1666
2226
66661
6662
2525
32332
5553
6666
5556
6266
3312
55556
3222
6111
63633
4144
6131
621616
2221
2321
6555
2632
2211
1211
1211
1555
55523
6626
2222221
3211
2222
5661
616525
1661
6555
6662
616653
55555
66236
26666
26252
6666
3636
165555
5635
6262
5552
6621
5526
1266
1363
22222
66662
1456
3333
1666
1316
6166
6666662
2223
6652
665555
22221
2112
662621
216662
65666621
6666
6232
6212
5413
6666
6661
21111
31311
35555
2161
6161
212121
6112323
4226
66662
1566
36131
6555
5566
6162
5255
4636
5661
63636
31211
6632
6121
6665
5651
6616
51111
33333
6511
1154
656555
6666
1111
2111
6666
62524
2221
2261
5164
6333
5555
6621
6366
2611
6153
6555
6121
3633
6166
6622
4646
6321
6121
6662
6626
616121
4441
6555
36666
6613111
1116
3332
2212
66222
6626
1611
21121
5555
6111
2261
5555
6666
6661
6222
2221
6611
5555
66666
33166
3355
2233
11651
666221
36636333
6663
1633
66161
5656
655555
2121
2161
6322
6666
22222
6246
2111
6555
2221
6164
66666
2526
66611
6436
2666
6166
55555
1666
6226
6223
63252
64333
3431
2266
565653
62411
33366
66666
2121
1553
32111
2662
66161
6633
6616
4141
1611
5555
26366
2226
6131
2121
6663
1316
6666
2266
2222
2155
2526
5555
226661
666661
3155
5555
555555
2261
6562
3562
6161
6262
2222211
2666
5656
2556
553333
22115
5565
2111
22222
2212
4146
2111
2666
63333
6133
6565
6651
11311
6165
26613
6555
2111111
1222
4111
6663
6626
2622
6631
22122
6116
2221
4613
5333
3161
66661
6662
5666
2255
3322
2222
1566
5555
4331
5555
6556
2122
6655
6666
5613
3666
3651
1622
31661
25555
6361
2651
2126
6355
1116
2661
5566
3333
6266
36666
2666
5555
66226
2166
62536
16663
5555
6666
6212
62621
6136
2222
2126
61626
61611
2661
22211
1166
5561
2111
55555
6161
11666
3666
5555
5555
33635
66622
2126
3333
2616
3333
2221
6661
1111
2555
3336
6666
2261
6563
4555
16665
6111
6611
5555
2222
1111
216121
5556
3333
6666
5666
2111
6616
6565
1641
2363
2666
3655
1126
6666
6512166
36666
2621
2626
6261
162626
46411
66665
63666
5555
5555
1666
3652
2252
536263
5555
6666
2262
3333
6536
3333
5651
1111
6364
21122
3121
1611
6662
2121
62663
1525
65336
55566
5346
6661
2222
4642
6566
6111
6646
6366
2121
536323231
66115
5252
2666
6665
5555
36665
555566
212621
5555
5223
3353
6666
36626
53333
22223
5555
6566
2122
66666
2325
6666
2666
232123
2111
111166
6666
26616
5555
11211
22222
2616
2521
6333
2323
6366
6666
6161
6661
2621
2641611
6622
236366
6616
6666
2361
6632
3555
66661
1222
6661
5116
6661
6661
1616
1136
6126
6316
33361
1111
16161
6663
6111
5126
3663
5666
6366
1661
6636
6313
6661
6666
6636
1111
2566
6556
55555
61666
1611
2265
6666
15555
2111
1666
222222
226666
6122
3333
3633
1616
5222
3363
5666
2555
464646
2336
1115
2626
2621
6661
66621
21212
6611
3133
1625
1613
3322
1111
1631
11661
6111
2222
3336
6121
2621
6666
26262
6161
6555
6111
1161
3523
6666
3636
2221
2666
5555
3266
26212
5555
2611
5555
6666
6565
2326
363632
2221
5636
1616
1111
6666
6661
6666
2621
615111
11311
666662
6366
2151
1111
5655
21211
2316
6666
55555
5556
5555
3636
2222
2111
66263
6366
6251
66166
21666
2626
5555
22222
3664
2211
2626
2111
62262
6666
355555
3662
2222
6636
6464
5555
11615
6666
55555
3366
12222
5656
6666
4456
1636
5556
2222
3363
63612
2162
6121
2666
6161
6656
2126
2221
1111
6126
266555
6126
66662
6666
6222
6614
24655
6666
6161
6145
2226
22222
5555
4243
1266
4221
2621
2611
5555
26662
2121
6226
3333
2221
2221
2121
5555
6131
22221
6666
55555
66666
2166
6622
3333
1666
6611
6166
3222
5555
66666
2555
2525
3333
2222
2622
6666
2313
1626
2666
24242
2126
2661
2211
6663
66666
2333
5366
22222
11166
6666
6161
6666
5556
6122
6111
2121
662626
6666
22252
23161
6616
55555
65555
3331
55555
6111
3665
3616
26666
2222
3311
2166
6321
2662
6311
6565
2321
6656
643333
6622
2266
6666
3336
1663
22166
2223
6666
2223
2121
5566
611666
5522
1111
6566
6666
6161
6161
6161
21212
55555
2121
6161
6666
111111
262111
661321
5156
66363
5555
6665
2121
3111
1313
1233
6661
36363
555666
5516
6666666
61111
66666
66662
61111
6661
66666
11311111
21666
6666
6666
6666
6266
66655
6661
3321
1111
6661
6661
6622
2161
1111
2121
66666
32212
5256
5555
6616
2626
66363
36611
6262
2363
2222
5555
555555
66666
3231
2266
6666
3331
5632
66666
6663
6616
1616
1166
6626
25252
6262
5533332
1166
3336
6626
5166
6622
6666
2132
6666666
6666
1666
6331
6666
21266
6266
6666
6666
6621
2216
2666
2262
66611
6651
42466
2222
2656
2621
1225
26262
6666
6566
6221
6333
46466
3333
6661
5555
2663
6661
11111
6666
6666
6266
333333
6355
2621
5656
6666
2111363
62336
66666
2222
6111
6666
55666
2121
1112
1661
61111
3333
5616
2611
66666
55515
6666
6222
6161
5256
34321
2661
6111111
63666
666666
3515
6666
6611
6666
2226
2626
3636
6616
6666
6666
6666
2666
6161
2321
6666
66666
2131
3666
6123
2661
611666
6666
6161
6253
6666
2161
3363
6666
6666
2231
1614
4421
66651
6661
2421
46666
6666
2323
11166
65555
3321
1661
2121
622266
21636
66666
3335
5555
66666
6666
2116
1111111
2111
2111
66111
6633
2621
1111
211666
2121
2131
6666
666666
5555
655566
3316
66661
66666
1666
2161
6111
6363
1666
66636
1611
2622
6226
6666
6666
2222
1211
21211
6652
6122
3666
1116
56565
11111
3635
66661
56665
4611
2362
6121
1166
636666
2266
6111
1611
2221
66611
6626
3533
361161
1611
1665
6466
6666
11111
15266
26161
66666
66666
6166
66616
6666
5161
6626
6111
6611
6666
55555
66611
3336
2626322
2662
1666
2362
2666
2626
3311
65666
2626
6656
2122
6661
66216
6622
6611
6666
6622
6661
2222
6666
2221
5555
6616666
6665
4112211
2122
1662
1636
2211
6555
11166
6666
5555
221222
23232
56635
6111
6666
2611
2616
6162
62623
66631
6612
6331
2222
65555
5566
2621
6666
2611
21111
6221
426664
23233
6222
6656
6611
6336
2612
6244
5555
6221
6112
16161
2266
6666
6666
66366
6161
4646
2262
6616
3623
1116
6666
6662
1656
6366
6666
6462
36363
63636
6161
5555
6661
666666
2221
66666
6663
2661
6165
6613
2226
2166
1313
6162
2666
61166
6333
6661
661366
2121
266661
3363
1155
6666
566166
2164
666666666
11111
6622
5611
52223
464656
162111
6616
26236
2211
6616
5555
1111111
2626
2222
36266211
55552
21111
2116
2111
2133
2414
6663
6366
6666
6622
666626
6666
6666
33336
6666
6616
5155
66666
3333
6666
6211
4466
3431
2111
6666
6666
2121
2222
6666
6363
62121
222666
66266
33333
16111
6662
2121
66632
2121
1112
1611
5555
3333
21222
6666
212114
55555
2222
6611
6664
6611
5656
66666
5555
6116
2556
66666
3362
23221
2121
6661
66666
1111
3363
3663
5551
6661
6621
6161
6633
6666
1111
5655
5656
2266
363333
6616
6666
626666
66336636
6366
5555
2622
6612
21211
6666
5656
6565
66661
2222
66666
6666
1613
36266
2121
2626
4666
62622
665363
2666
2661
6555
1111
1126
21426
3336
6661
1666
5161
1261
66666
6566
6626
6166
2222
2621
5555
6666
5555
2163
2666
11116
36116
16625
6626
6666
5555
2222
6666
6666
6663
1666
2616
66666
6666
22166
2126
631111
66461
6666
1166
6616
22226
66616
5555
25266
2666
6666
66663
2616
2126
166666
2661
55555
2616
3333
616616
21221
5522
31366
6666
26121
21116
2662
5666
6661
5563
6566
6666
5656
6663
6646
5555
3636
6126
2661
5555
3636
23233
5555
5211
6662
66653
26166
63616
61616
666666
6666
3333
2122
21666
2266
6655
536363
6525
6636
2622
266124
3664
2365
2211
6666
1666
6612
2122
3642
6666
5552
2161
2621
2121
6535
66666
5555
2222
2216
5666
2666
25625
3633
2652
2126
6612
2266
2611
66166
11266
2166
6116
66663
2262
1111
6666
6646
66666
251666
6661
262616
2221
216666
3621
6666266
6666
2222
1161
64166
6662
2266
2221
5363
55566
55555
6666
6111
6666
6666
6226
6221
3366
2626
2621
3636
6666
1111
3166
6626
6666
6612
616363
66666
66666
16166
6262
33333
6211
6663
2166
1111
6666
2161
3555
16166
6161
1111
6666
6116
626266
3636
5151
6161
6666
3612
4166
6666
6121
6363
6461
2636
2621
66666
66666
262121
26661
666622116
6216
2111
6222
1616
1226
6662
6366
666666
2221
3636
6666
5555
6666
62611
22116661
6666
5555
6626
6666
2163
6662
6622
6666
2251
6666
363132
636621
2161
6663
6321
2122
55555
26626
66666
6252
5121
6615
6663
6611
66622
2121
6612
1115
616161
63161
266662
65636
66662
63323
1222
55555
6611
2226
66616
6661
6666
5555
5656
6366
6656
66555
36333
6666
62321332
6666
6655
56666
1126
45453
2221
5555
222621
6565
22222
2266
6266
6666
6333
6661
2122
1121
6666
62226
6666
1533
6665
3636
6622
2661
5556
6565
2466
2622
6633
66666666
4331
6226
6161
6666
6166
2161
26636
6661
2126
1666
2162222
6616
1211
6661
2322
566561
6666
6661
6162
5555
62321
6326
666666
6116
6666
2636
6666
66666
6662
6166
3555
6166666
6666
2121
6565
6363
62222
2621
6661
2366
6211
6666
6616
6166
6662
1611
66166
6166
3332
6666
66666
6666
3636
36165
66112
46112
6666
66621
6666
21262
666666
6666
16166
662621
6666666
2321
6622
66136
6363
6666
6661
4145
6363
6111
6626
5555
6262
555555
26666
6666
66621
2555
3666
6565
6666
22336
21622
6166
3332
2163
2666
6666
51656
666666
6363
2666
333333
6666
6665
6111
6666
6161
6556
6564
1122
2121
61611
6666
66666
16666
3666
61616
16131
3333
32666
5516
66166666
1133
6666
5555
6666
6666666
66666
26632
6666
6666
6655
1322
2161
61166
6666
66611
6662
6661
6665
66613
16116
62661
6216
6666
2116
6666
6616
66666
6366
161616
1663
6162
11661
6622
66666
266661
2626
66666
6222
6666
6666
11111
3636
6266
66662
16666
212326
3636
6666
5556
22621
6266
6666
65655
2116
6565
1566
6611
2666
2122
5555
1121
22111
6261
6636
6363
6633
6666
6166
5555
2122
5555
21166
2525
1616
6666
6611
3311
5555
66621
2322
2622
6366
12116
2636
2161
2323
66666226
6666
3321
6666
6161
6661
5122
2336
66636
6262
1511
2161
61621
5555
2122
6266
6611
6616
6366
21111
6666
63636
5555
21226
6666
22221
1616
5555
6662
66666
2122
6262
6666666
55555
2221
126222
1666
6262
6626
66662
62114
2155
1166
6661
61212
55555
33211
61661
6666
63313
1111
66611
6166
2166
6226
2636
3661
2666
5656
666666
3633
3211
2626
6161
2666
666262
26666
5555
3626
2211
6666
5555
26661
6616
6166
5566
66462
6666
61622
6661
3363
66114
22226
6566
6666
2663
2212
2222
6633
2363
6366
3646
22656
6621
5555
2222
2662
6662
2626
66266
66221
666655
5555
26262
66161
3346
6666
6566
6616
2161
2121
6666
2626621
5555
6663
3363
6521
64436
6361
3666
6266
6332
3633
5255
6624
63666
1121
5666
5555
2162
5555
2121
6226
2216
5665
6366
55555
6666
66556
6666
1616
6121
61661
2126
2326
6333
2211
6666
2555
55555
6666
1111
3566
6222
25555
66663
6661
666622
2166
66433
2622
1112
1266
6112
3355555
5555
2616
6326
222366
6626
2666
2621
6662
2261
55555
66661
6616
2121
3636
6666
1666
6111
66666
2612
55555
26666
6666
21112
6161
66666
1616
61666
16666611
6111
16666
5555
6666
66615
6661
1666
2112
61622
6666
555555
5656
6151
6333166
66636
1666
5555
2121
2611
6666616
3322
6616
2111
2626
2626
6666
6666
5555
21121666
5555
6222
2111
2226
2621
2222
6666
2166
55555555
36662
66166
6666
6666
665556
6666
6616
2666
55555
6621
3361
6663
6266
66666
6555
6555
6666
6666
3662
6621
5633
6666
6666
6633
6362
2662
66666
1622
152161
6621
6166
2666
6661
61616
66661
65655
6666
6666
66666
126616
2366
6433
3636
2212
2666
6666
2661
2221
6116666
6666
2662
2122
2661
2666
66666
2266
1111
6166
6666
6136
6321
22211
66616
12661
5556
22222
6262
36366
1666
16164
55551
6666
6666
6666616
6666
6666
5555
555555
2666
6365
1616
6166
55555
2226
6666
11166
2216
64646
6216
26666
66666
2221
22216
3666
2162
6666
6113
6661
66666
6622
6666
2112
26666
6663
2161
6656
2166
66662
1662
6166
6626
6666
2366
6111
2222
26666
2616
2221
6612
2211
2626
5555
6221
2266
1666
2616
2122
62116
2661
2222
55666
6666
6655
2662
22666
6666
6222
6666
66612
166613
2122
3333
2611
6666
1666
2121
66126
6666
61461
5555
1666
16666
6661
62622
6666
66666
6621
66166
66616
6666
66666
5555
6666
62261
666666
663666
1111
6221
1565
5666
6661
2222
61166
16111
6666
2626
2555
6666
6666
65166
6262
2663
6266
3366
6661
2121
363636
1666
6636
33322
226115
1661
1135
2321
56565
2626
6661
6226
66366
6262
66236
2565
3535
65653
2226
55555
662121
6663
2666
2666
6666
6636
6111
2111
6666
5516
6661
66611661
3333
6666
66662
6266
1131
6666
55555
6166
6616
6226
6262
5555
3363
3363
666662
6116
1566
61166
11111
6161
5565
2222
256526
6666
6111
21666
6616
2212
211111
5656
5555
2162
3636
1666
666666
66666
2166
6616161
6226
662666
6363
666666
4444
6664
5555
2161
1261
63636
6665
6666
6526
26666
2266
2622
6555
65555
6621
2222
6666
6666
63632
65656
2266
5555
266666
6666
66666
6161
1112
2616
11166
2626
2211
61166
6666
6366
4222
5555
66666
6616
2333
6666
6363666
6621
2222
5662
5555
63666
1366
22222111
66611
6622
6661
66663
616166
6626
6666
26621
62661
6621
5551
61666
1666
6666
2666
22261
5622
1166
6366
1161
2166
2661
6666
61111
6666
6565
2266
2166
6161
6666
666611
666661
6666
2166
6666
2266
1666
6663
66666
2166
3233
6663
62661
66162
1111
6366
6666
616161
2626
2261
2626
22216
2226
65555
6266
6666
66666
5555
5166
6666
2161
1666
6666
6612
6265
52525
6622
22166
25656
1166
6336
6666
66666
5555
2222
6651
1111
6616
6665
66555
66666
6665
63636
2266
6666
21666
6366
6621
1666
6666
1661
2666
3136
6565
555555
62661
6626
6211
1664
5555
6616
36661
3333
16661
3626
3121
6665
66556
2161
2112
2111
6665
636363
2166
66661
6616
2622
62666
6662
6622
5555565
6666
66126
3366
2222
5555
3636
2616
2111
1626
2266
6262
5555
111111
5656
5555
6622
6511
2266
2631
555555
222161
6666
226666
66666
6662
3532
2236
6661
6666
5666
6666
2162
5522
6666
3666
5555
2611
6662
2122
2111
25555
66666
6216
1261
55555
6666
6665
61661
6611
66616
1666
66666
2222
6161
6464
66631616
6616
666666
223122
22111
66266663
1212
6666
2266
1212
2611
6161
6111
666666
6662
6666
6666
336363
5555
6666
6363
22222
66666
6655
2161
662366
6661
66666
66666
666666666
2666
65656
6166
5555
1166
6162
66655
2222
53336
22626
5511
5555
6666
1666
16666
4666
6663
1611
6626
63236
2622
5555
1161
2126
2622
6661
6663
2211
6126
5552
55555
6666
62333
5555
5555
2266
2261
2211
2626
2622
2626
1366
66666
6166
216661
2222
4626
6323
66222
66661
131616
4266
2621
6626
61262
6262
6626
5566
1222
6266
2626
3635
6666
1116
6662
1616
66111
2222
66611
1312
6363
26226
3632
25555
2222
6666
5553
21616
5616611
2666
62266
6621
26161
6621
6116
5651
6616
6661
64666
6666
22221
6262
6666
66116
6661
6266
1616
6661
2621
6612
2222
55555
55555
2363
1136
2222
1366
6161
26166
6666
4611
6666
6366
66661
6166
6666
63636
5555
6666
626266
3633
22222
66636
5656
2363
26261
6661
6616
6626
2261
2336
2663
2612
1162
5552
2616
6666
5655
6666666
66616
6666
2666
1666
6621
6166
6166
5555
6661
6365
6166
6666
6666
6266
66666
21366
6666616
3666
6666
1626
6221
1616
5551
6666
21166166
66666
3636
2333
2626
6666
5555555
2626
2122
6555
26266
5655
6661
6616
2116
2221
6111
663632
52621
2626
6666
66261
6122
66366
55555
6666
6666
5555
26661
2626
6111
2666
66666
3232
611166166
12121
22611
66662
5555
5666
2626
5555
6663
6666
6661
65663
2121
6666
6666
66663
6226
22612
5661
6216
6666
5256
3666
2162
6661
6666
2626
5666
6666
6661
2226
6262
5555
3333
2216
6666
3661
6666
2266
6361
4444
6661
66616
22222
26666
6264
2212
2121
2566
66666
6666
6666
6253
555555
6221
26111
2661
66261
3662
2611
626316
62626
6211
1161
6666
636323
66116
1666
55555
26163
36661
21363
23261
666666
1666
2111
2262
6666
6666
6311
66121
6666661
2221
6666
2122
62322
3136
6666
2161
6555
66666
6666
166666
62666
12666
65555
3131
6363
6111
6616
566111
6161
32361
1666
666226
6266
6556
66266
5155
12112
1226
6666
2111
666161
3222
61662
2121
6661
6666
6363
26662
2624
6666
3266
6666
2266
6661
2161
6266
1666
1666
6616
2166
6363
6166
6222
16661
3622
6666
5656
61666
33322
6666
36361
6666
6612
62621
55555
6666
2222222
33631
6662
6666
2121
6356
66661
55555
6666
11116666
6221
6231
16161
5555
5353
6212
6666
6666
6666
2366
6366
6565
2222225
6666
5366
6663
2226
6211
5555
6566
6622
26266
1266
63666
6666
6666
2666
2166
6666
66263
6616
2666
6666
6161
2616
2121
2666
33366
2222
66666
63666
5611
6666
2666
6666
661121
2661
6661
61266
6666
6666
6666
2121
2121
2166
6555
6262626
5555
3613
5662
6666
2162
6565
66622
6621
6166
62166
55555
6662
2136
36636
6266
6661
1515
66622
2116
6111
666661
6112
6222
6666
2226
66666
6616
6666
6666
1616
3661
66126
6666
2666
1116
2326
6621
2611
6616
6111
266666
1313
2236
2422
6166
3336
4666
655555
6666
6166
66666
46464
2622
2166
2661
6666
3336
66662
6662
6633
6616
22661
6363
6166
6555
5555
266666
26221
666611
3663
64636
2621
6366
2366
61616
6666
2616
2366
6666
26666
1666
6262
6612
11111
6366
6666
3311
6626
6666
1166
55555
66666
22222
6666
6666
2616
6666
6616
6162
12661
6616
6126
6366
6666
6316
5551
3663
1661
6161
6621
6666
51611
6666
166666
66666
2222
1616
6611
221621
6661
6166
2612
6655
6661
66661666
1666
4444
6621
1311
61116216
6616
211661
6663
6336
3636
5555
66663
6166
5166
26666
63636
65555
21266
6161
2236
66661
22222
63635
3232
4555
1666461
26161
1666666
66666662
64614166
6666
2616
2161
1616
6266
66212
5555
6666
6666
1626
5555
2126
66661
1111
66666
66161
66666
6661
2616
655555
6616
2222
6666
666616
6565
2166
5555
3211
6662
2666
5556
6666
666616
6665
2221
2266
6111
6663
6622
6666
2666
6662
2626
6666
6666
6666
3366
6444
66565
6616
6111
6666
2111
2365
2166
6666
6666
5556
2666
6466
2126
5365
6661
36166616
6616
226666
6666
66166
6662
6666
6666
226661
216616
2222
6116
5566
2621
6162
111611
2161
1221
6666
6611
6661
6666
1666
5151
6666
6666
6666
66333
6262
66666
6666
6166
515165
6661
266266
12666
66666
6121
6666
6266
2111
55555
6666
2636
1666
222612
3212
2616
6661
2121
5555
326663
6666
66666
61666
6666
5555
2622
666666
5555
6216
2162
2414
5556
6216
661216
6665
55556
6663
2666
6666
2121
56661
2666
5656
6521
66666
2121
11616
66666
2222
66666
2112
6661
2126
63666
6666
1122
6162
6666
25166
1661
3646
2625
6666
6663
6166
1216
6666
6666
1111
1666
2666
6116
66666
6666
61111
5555
226666
6666
65356
66666
622222
21616
2121
6666
6262
6616
6666
61666
6611
1611
6555
6655
6626
5555
1122
6666
3661
6216
6666
61211
6666
1166
2166
5555
1116
623616
3636
6666
1661
21666
2515
6163
21661
6666
6626
6666
2612
61666
6666
3663
6661
26666
3336
2661
6611
6336
2222
55221
1121
6661
1666
55555
6661
2612
22666
6661
6111
1515
6661
6555
6166616
6666
2661
2621
62622
6666
21166
5555
3333
2222
6666
5566
6111
62121
6666
6166
25666
6666
6666
1666
6666
6611
5553
22222
66661
2622
5556
1161
1616
61611
2223
6363
6666
6221
1616
6666
56551
4164
6661
63636
22666
66666
6556
166666
6666
6166
5655
66666
6666
6666
5555
1666
65656
6611
6666
66221
6666
22222
21666
6555
6666
6111
66666
3666
666621
5555555
6666
3336
6666
2666
6666
66266
6666
66666
161666
2621
6666
6666
6422
66161
26616
266111
6664
6121
6116
6666
6122
6666
1666
666666
1616
6161
2626
5555
66161
2111
6661666
2222
6166
66616
6666
6665
11111
2222
6166
266616
1111
6662
55555
2662
3336
66666
61611
66663
23266
1112
3621
6666
11662
6666
1111
66626
26211
6666
5515
66266
66666
3213
6666
5555
6126
2222
2662
26366
6646
6666
6666
21616
56666
6666
6661
6661
16641
56266
6632
6626
2666
2116
66661
6262
5555
4111
6666
2222
6166
6363
2222
5555
3316
616666
2666
2121
6666
21661
6266
6116
6666
6111
6262
6666
55516
2622
6616
64132
2226
6661
66262
6633
6661
5555
63632
2226
661166
61626
5555
616166
6666
66661
2166
2623
11666
6633326
36366
6166
66666
6262
6666
1261
22222222
6666
26262
6122
15631
6161
1616
66666
6211
6666
66616
1626
66665
6666
2666
66666
2622
6633
3366
6666
6266
2626
6666
61116
6666
6616
1616
6121
6211
2121
2261
6612
6616
21111
6666
3661
6363
2126
65656
6161
6116
65555555
622646
6666
6666
1121
63362
6366
1131
6626
16161
6161
5533
6162
6166
6666
6366
6661
6666
66666
1611
6331
6666
6611
1661
161613
6222
26162
66666
21666
6666
61666
5555
3166
2166
2616
1116
6161
26621
6622
623666
6262
6666
6666
6626
6666
1616
66166
6666
6666
6266
6666
6661
6555
2611
1122
66666
5555
6361
1121
3666
2626
1666
2666
6666
5555
55656
6111
6666
21212
6621
6616
3212
3316
2666
2222
6666
6555
6666
6611
6631
6336
6662
2566
66266
61616
5555
66666
2316
2166
5565
4666
66666
33666
646666
1666
6166
6622
1565
6266
6626
6616
6666
1661
6363
5555
6266
2266
26666666
5555
5656
2111
3636
666666
6666
2126
6166
3213
66266
6611
6111
3661
5555
36666
22661
11211
66666
3666
5555
66666
2266
61111
2166
2662
6666
2222
2661
22166
66666
3166
5555
6666
6666
2111
3666
3366
666666
2211
62122
6116
6161
55555
6166
555555
2122
66666466
26161
36646
2121
6166
6111
2166
6666
6666
6666
6666
6666
55555
3363
6666
33655
6666
3656
6661
6666
5555
66666
2611
5555
5555
611661
6161
66666
6166
6615
6666666
6666
66626
1111
6622
6611
6662
3131
6126
5566
62133
6666
1621
5555
6666
2666
6136
66162
66661
6666
6616
6555
6666
6633
6611
1111
6666
21211
6666
5555
1661
32366
6666
23661
2162
6641
5655
6666
6161
6661
6662
2112
26666
6666
1555
6666
616161
6632
6663
6666
6216
6633
26663
2666
2666
66666
226666
1666
6662
3225
2666
6661
6113
2222
2266
6666
2666
1666
6662
1161
6161
6666
6666
6666
66666
6666
5555
6166
2161
66616
55555
6666
21626
6161
66666
6636
6616
61664
6666
6666
6266
6666
6166
1161
5555
6666
6666
6313
611161
6166
1666
2261
3636
6666
5555
33666
6666
6555
5555
621116166
6661
61616
6666
6661
61616
2222
55555
5555
6166
22211
2121
231611
226666
2222
16611
6666
6361
6666
6662
6666
5555555
2321
2161
22111
6666
6666
1666
6216
21166
6666
6166
2666
2126
6226
5533
55555
6616
36263
261166
666621
6166
6666
5555
22222
6633
66666
2633
2222
22626222
1626
3636
6666
6666
6361
62112
1166
3555
2222
5556
6666
6666
6226
66661
6621
616666
6626
6666666
55555
6666
1212
6166
63616
6111
262266
65555
6261
6666
6666
6666
66666
2322
6365
6666
16161
6666
2161
2662
6663661
2616
166616
2666
66161
2321
6555
6666
6666
56666665
6666
5555
5566
6266
5555
6161
6216
6666
6666
6661
6666
6666
6363
6661
6161
221226
55555
2222
6666
166666
6666
61616
6622
56161
61116
6226
111121
6363
6211
1116
6333
6666
55555
5355
6666
66333
6646
2211
2111
55555
6666
6661
5555
6363
66666
5155
6555
6666
6161
6666
6666222
361622
66666
6565
66166
5555
6666
2136
6666
6166
5555
2222
66666
6622
6166
2626
1166
6616
6166
6666
6322
1162
1221
61666
2661
2666
6666
66616
6666
6363
6661
2222
6211
6616
6555
66666
55555
6611
66666
6616
2363
5555
6666
33366
6666
55555
2121
6262
66666
6612
616163
51616
6661
2266
3636
6666
66662
3366
6666
6626
3355
26255
2655
2626
5555
6666
5555
2666
6323
2626
22224
6666
6666
666666
6366
61616
6662
226626
6666
66666
6666
6132
6666
6166
1616
3556
611116
66666
6616
261666
6666
2666
6666
6666
5555
66662
6666
6661
6666
65656
11661
6666
6661
6623
6666
11626
22666
6616
5555
6616
66666
6666
6622
2222
2661
6666
22626
6666
1613
6266
66166
6161
6622
3261
6666
5551
1666
6666
66666
36555
6262
6266
3636
6666666
5555
5555
666163
1661
6655
6166
66221
6666
6666
6666
1626
6666
6666
1616
6666
6666
5555
6166
1661
6616
2211
2266
66633
66166
6161
6235
1111
1666
6161
6126
6616166
61616
6666
2626
6666
6611
2121
6666
6163
6655
6666
66666
5555
6166
55555
6666
2266
6662
6666
6615
21266
6326
3666
6666
2266
662622
6622
2266
4662
616111
16666
6611
2666
6616
6666
666666
6663
6666
2222
3633
2222
2621
6151
2111
6666
1611
6666
6166
66116
6666
6166
6666
2636
6121
1262
6666
6666
3366
2166
6166
3661
33555
6566
626113
1661
66666
6661
66611
6666
5515
44466
6661
6661
66666
62662
6626
2666
66662266
6613
6611
6616
6666
6666
6666
2611
2665
2226
6666
66666
6666
6616
2112
55555
6666
5555
36661
1616
6666
6166
6363
2666
5522
5556
6621
6666
6666
3366
22222
2266666
6622
2222
366661
6333
6616
161626
66626
61612
66661
1611
66666666
226216
3366
2666
6161
2136
6644
2221
6666
2626
2211
66662
6663
2666
2216
6666
6661
61662
4212
2662
6661
1361
6122
26661
4512
5222
1211
2222
2222
6656
555555
555551
1262
2226
6666
2221
6166
6166
6614
26666
2121
6666
6611626
6666
6262
11111
2166
1666
6622
1366
6661
2621
5566
6622
6666
2661
6666
6166
3666
6661
6566
2166
666336
61166
42666
6666
6262
6662
1665
226626
2626
6566
55555
5666
1116
5565655
1212
1125666116
6626
6166
1616
65656
6666
5555
6663
2221
1666
6666
6333
6122
5555
2122
2622
6666
2661
6611
6116
1616
3222
2211
2565
6664
6666
6626
1616
3666
2266
62666
66161
6161
66666
6266
6222
55555
6666
6666
5555
6661
66666
11166
66666
3322
66666
1211
66666
6326
22661
6666
6666
6666
2266
6166
6666
6666
2266
66666
6666
6661
2466
6666
6221
6666
5555
6161
6661
6666
66666666
6666
6226
6663
6666
66666
6611
6161
6666
6666
66616
6621
2666
2212
6111
6266
2122
6666
66646
61612
6666
5555
6111
2661
5555
6121222
6666
2666
6211
62626
6611
6666
2216
6661
1262
66666
22666
2121
1266
1555
61666
2166
5555
6666
666666
66666
6111
2366
6663
6613
21262
55666
2666
6616
2222
1563
6222
6666
6166
6611
6662
6666
3666
6666
2666
6112
21212
66666
626666
6111
66661
66111
1121
36366
61626
6666
1111
16216
6666
6655
1611
6661
6226
6666
1666
55555
6666
261616
3366
6661
6666
6666
6666
6666
6666
6661
2661
1666
616166
2661
36666
5662
63666
2222
6656
6666
2612
2222
6662
3636
66626
6666
66161
66666
2666
2626
3666
2626
2221
63636
2162
6626
6661666
6111
66266
2111
2261
5555
5555
6666666
3266
6666
1121
5666
63333
26366
6666
2662
66666
66666
6366
2111
416256
2555
12663
22133
6666
62666
6664
6661
1162
2666
6666
6662
2266
3336
66166
6326
6166
6533
6656
2211
36222
1666
26636
1666
2666
2666
6116
66166
6666
6636
6665
33333333
6266
2221
6531
21661
3136
6141
6611
6555
6666
6612
4655
6212
2663231
6666
6666
6666
21162
2222232
6616
6622
2112
5555
2222
26661
62661
2221
6656
26666
2212
22221
62666
6666
2166
222626
2221
66661
6666
3662
66661
3336
6661
3221
26121
6616
21212
6661
5556
36666
6161
6336
6261
2116
6661
6666
6612
6662
3356
6621
2626
6663
63655
6666
6661
4466
1116
2261
6616666
66666
6222
1166
6226
6161
666661
5555
6261
6626
6666
2622
6666
2663
66662
1262
33663
2616
2666
6621
61226
33336
5121
2616
6626
6666
2221
6662
6361
1166
555555
6166
6366
2164
6166
2222
3326
6666
22121
6266
6626
1266
1236
6626
66666
6661
6666
6666
6626
1666
6555
1444
6666
3636
666122
62661
66221
2221
6666
6222
2661
3161
6666
6662
6626
2121
2515
6616
6466
61661
6111
2626
66661
66666
21221
6666
2666
1616
2266
2612
6366
6665
66616
66612
5555
63322
2266
21161
66661
6666
36652
2666
36666
12166
2222
44444
2666
6655
2661
66666
6666
1611
66166
6661
2211
6366
6313
21212
6612
6666
6262
6666
55555555
2161
6426
2261
5555
2566
6166
55555
2266
5666
216161
1555
6661
6661
66666
26166
22626
6636
6661
6622
66616
6555
16666
666666
6666
6666661
6666
2211
66666
6661
6366
5555
1616
261611
6166
2666
5555
6661
6666
16666
22222
5555
6611
6636
6662
6661
1166
6611
55555
61161
66661
3222
6666
2226
1666
66666
1162
6666
616666
6122
6666
4661
2266
61161
66666
6666
21616
6666
5555
6666
6666
66661
6666
66666
1666
1165
1161
5555
6613
6662
6661
2611
2111
1612
1116
6224
2616
2533
6622
6662
2222622
66566
6666
66565
6336
6666
6666
6622
3636
666556
6566
6666
6622
16666
6662
6661
5561
63666
6661
6665
6111
6363
66661
16261
2226
2321
6666
6663
3661
22222
626666
5666
2661
66661
6666
6666
66666
61611
66261
66666
6666
61616
6666
66622
52561
1666
3333
666666
2111
2111
6666
5555
2222
6626
2161
6466
2626
1122
2213
23636
1131
2526
6666
2626
266122
6636
6632
6666
6666
6666
6666
6621
2611
2666
6221
2536
261366
166666
2611
3361
2626
6666
13631
66266
1111
11216
26222
6126
6666
661616
1316
22265
5625
61222
666556
42622
2111
5555
2222
66666
6611
5666
6556
2166
6666
2662
666665
6565
6363
6666
6666
6666
61113
266626
2663
6666
16515
6166566
5555
2221
2222
2213
2621
1611
66666461
3626
1216
6616
4616
65555
2222
6232
61611
2434
6622
6522
26266
2661
1112
16666
555555
6166616
6364
61145
66666
2662162
6662
6631
366663
2666
66233
63622
6162
2656
5566
1222
1666
6162
21221
2263
61611662
66632
662224
1652
6665
5556
6222262
6122
66612
2223
2113111
6225
6656
26622
2556
63232
65255
5555
5226
66226222
22222
2611
6112
6533
111221
2232
6255
5656
2622
222661
1213
5555
6326
4656
2222
6555
5655
2661
22621
6522
1222
6613
3633
4565
6633
6551
66666661
2636
2121
6232
6555
6565
5322
6363
6555
1535
36362
2562
26211
5555
5336
66236
55555
3666
1312
2622
3331111
6666
6535
6623
6566
2166
22212
2121
6616
2651
5555
62126626
64643
1223
2111
5555
6112
4646
3131
1626
5262
3111
2321
25555
6361
6666
363636
646544
21213
6552
35356
32626
1612
1515
2666
6662
2221
2666
6161
3222
6226
66666
1555
6666
66163
5555
2222
5555
2335555
6622
2222
26522
5555
6656
21616
36365
5656
6633
3636
6411
6626
6333
35616
5555
6613
1515
3616
66222
2212
6326
2222
5551
62116
6661
21666
2366
5656
36355
2226
5555
1665
3232
2545
6551
6666
6666
2226
66611
3266
2222
6666
2221111
6622
2662
6622
66162
61656
5226
1555
5655
66656
5555
2161
63665
53232
66662
66663
6626
6655
222224
61616
336322
1266
6666
363633
5555
26161
2622
21162
6666
6666611
2166
2161
1666
3611
26262
25212
5562
6226
1212
6636
2232
2266
16364
3216
1261
5556
6555
232663
2126
6626
6226
3366
262666
6611
6663
2621
5555
66663
4616
35551
2566
1663
3136
6663
6122
66624
6666
6666
1314136
6656
555555
2262
5653
6424
3261
6666
66666
6236
55555
6122
666661
6666
6111
6136
2222
336666
36516
563351
66661
6666
6161
6161
112261
2222
3662
23612
6665
3333
6666
6366
2226
6536
5252
6666
661111
366622
2361
2266
6655
4256
6666
2666
2565
66322
2646
266666
66666
55555555
2221
4655
6616
5555
3666
5656
16666
2132
1122
3166
6662
2622
66331
1665
6222
6661
66111
11111
1133
111161
166522
2525
424642
52525
6361
6116
6366
22222
3636
5256
62166
6555
6615
2222
2161
6122
6121
22612
262126
26226
6366
2222
1333
36665
6666
6466
6122
62626
6626
1466
1166
6266
26262
665163
2226
6111
5111
2116
662166
66661
222161
1555
253626
6633
5662
1162
3332
13663
6611
6621
1161
2621
6612
61111
6616
5555
6666111
2261
2116
6366
6663
2266
6163
6222
6566
5555
4232
6663
5555
2621
66616
65656
5555
5555
55266
2222
26221
6226
66261
1222
555566
6611
63662
1166
26161
6611
6622
6221
662666
666366
6366
2662
2666
6323
3636
6622
1323
63111
1662
5555
662161
6666
1161
6613
2666
6212
26636
21612
6255
2666
1332
2622
6661666
3332
1212
6164
4643
6666
6666
666666
2663
6666
2621
66661
6666
52555
1666
6662
2422
13636
6661
3333
3635
56666
6666
6633
5555
66161
6666
5666
2322
6266
6666
66611
5555
55555
5555566
33363
16633
6666
6611
6265
6633
2661
6666
1162161
6666
1166
6161
3666
6166
3636
6666
1666
6126
2222
36363
6662
2222222
116666
2266
61212
2121
1565
4444
3613
2666
5533
1616116
3632
6666
5255
2222
55555
5666
6655
6612
6366
1661
2616
2121
6666
6166
6626
2666
2112
22666
6363
22111
3661
6655
3636
1616
6556
6121
6666
6212
3262
33361
55545
2112
22256
2266
6626
2211
6666666
5555
6132
555555
2222
3366
55555
6661
1121
3316
6626
666626
3333
6666
6661
2121
6662
66655
3331
6366
66665
16331
2621
6666
6166
2111
2161
6622
3336
1515
216221
56633
6621666
2266
2622
62666
6566
4646
1116
6666
6644
6466
2666
16666
22622
2151
6662666
55555
6666
6666
622222
2222
2162
1366
6632
2626
6545
6616
36221
6316
21211
3333
62112
66666
6666
5566
1661
6662
4166
1666
6111
66661
2526
2662
2666
66664636
2261
2222
55522
6666
6626211
33656
1111
6636
33336
16636
22221
25555
33333
2222
6666
6166
1216
2666
2326
5555
63363
6666161
6331
3533
6666
6616
6111
1161
62111
1161
6333
6663
66622
2626
6565
3636
6126
2436
22555
3626
2226
23333
1111
3361
6666
6162
6636
61611
6613
1111
6121
16621
33616
2321
6666
2666
21666
5616
2361
5555
55555
6636
555555
6436
5555
1661
6615
6666
1163
6633
2221
3631
6161
1223631
3366
6111
6666
2266
6666
2216
6166
66262
6662
62661
6556
6666
6664
666661
5555555
5566
6666
2666
66161
6616
6662
2363
2515
6366
6666
6421
55555
2255
2222
3166
46363
55555
2631
6126
2621
2555
5666666
2111
66661
6565
1222
661112
61666
1616
6655
5555
3636
3655
6111
66666
21111
66366
611111
666262
32363
6166
6666
663166
355666
1266
6621
1122
6666
2222
6161
661566
1116
2222
6616666
53161
5555
2222
6666
26611
6621
66623
6661
22231
6631
2622
1222
1111
2623
2233
5556
6121
2121
33323
2211
22211
1212
66162
5666
6633
2222
12122
6616
2261
2632
2266
2222
6122
66261
3334
62216
66166
3636
55555555
2111
6663
222446
626111
6635
6665
55565
22626
6665
2336
55661
2321
6616
223632
661232
6565
6633
56252
636323
2111
1366
6616
1166
3266
5661
2116
1131
62221
6612
3136
6663
11266
5555
266222
1411
1111
12221
66666
266126
6666
66666
2323
6646
6666
6262
6666
22222
2266
5555
5111
6666
2222
3666
36666
1126
6611
6661
4665
6661
3662
226666
3666
61666
1661
2366
6622
1616
12666
6665
21111
2366
66266
6656
221166
21266
6611
6663
6222
22263
6616
6655
6612
5555
6111
36563
2162
2666
6662
6666
22666
26266
6633
6636
66666
2666316
121212
6626
3646
6666
22222
656664
13333
66223
6523
5555
6665
5565
6613
6166
22212
2626
266666
6363
6615
26242
6322
6422
6446
6661
266666
6633
6646
66661
2555
62223
1161
26626
2666
21666
6662
6666
2161
1222
4453
2666
6623
2111
2166
6666
6266
2252
633366
3662
6266
26656
5555
2116
2121
6331
3666
6666
6636
6622
66666
66361
5555
1663
6333663
66666
1661
66616
11221
66161662
1616
122512
6666
6111
2122
2122
2121
5661
6666
2233
2223
26662
62666
2626
566663
6666
6666
6611
5221
36366
22646
6633
556611
66216
2266
666111
6663
3131
3334
2552
6362
66663
6262661
6121
55555
2666
66666
6616
6666
6666
6616
2323
2666
66666
6622
2166
11162
26666
55555
5555
666666
6666
6636
63655
2661
6616
6666
6261
6633
6161
66624
262622
6556
5555
2111
5555
6111
2563666
6262
66666
6662
2666
6666
221626
4636
2121
6666
2111
1322
2522
66161
2231
6666
6555
636656
55555
6666
2261
62126
6363
1261
22662
6666
5555
6112
2226
5555
233636
1316
6636
6666
554555
2666
2326
5554
2222
2266
6361
3636
555555
6666
6265
22226
556553656
1153
2225
22213
6666
3616
6261
6621
5555
2666
6622
6662
6633
6621
3126
6636
6666
266616
6111
6226
6663
6566
5555
55555
6666
6666
2162
1662
3131
66666
5162
12666
6366
6526
33333
6663
6666
3336
66236
6666
6666
2616
6612
5636
2262
66616
2616
1622
2221
6166
6556
6666
2313
2262
6666
6236
21366
61116111
666666
5555
6466212
5666
6622
26666
26222
6652
6121
1612
66661
3666
61616
55555
2221
26161
5656
2555555
16121
6236
16666
6622
6666
2211
65666
2121
2626
22262
6442
5151
63616
1116
5656
66666
6666666
6665
1112
2666
26262
2216
5666
6622
26666
6666
2361
62422
6555
3336
66236
226622
3316
66665
3666
6666
6232
1162
2222
6166
22161
6661
2222
6616
61612
2525
1622
1121
23635
3121
5311
2161
631122
6161
5555
222211
22212
222162
3636
2121
66614
55555
2111
2112
6666
6161
2222
2262
11662
26611
66666
262621
6653
6616
5555
6621
6662
3656
6166
21616
2555
2266
22656
5555
5555
6666
1116
6666
5515
66126
6216
66663
6666
61661
1116
6623
1111
16616
66666
6662
6666
1616
6255
6323
61166661
2666
6633
55256
5555
5555
6166
6655
5555
2666
5555
6365
2161
5553
6366
2663633
5555
6612
5551
66661
555555
5555
666665
6626
6236
6121
662266
2112
5555
662662
2161
3336
6263
5566
6652
3631
2233
2666
26126
6636
26143
3366
6262
6516
6666
6636
5555
1116
65154
5555555
2222
5555
6662
6633
2616
2222
6662
3662
66566
16166
2646
2222
3346
26161
6666
1212
26252
2222
62126
666663
63366
66222
6266
1221
2222
6622666
1666666
6666
62661
62222
6622
2261
15216
5655
6666
5515
5556
11621
22264
6626
2662
3666
2626
5666
5555
6266
6666
3661
6262
5555
6621
2666
26262
5555555
666266
6326
2622
6633
55521
2666
61111
65666
2321
3613
2222
3232
55666
6666
5666
5556
6662
6161
1111
2661
2266
6161
26662
6662
6666
2266
6666
15561622
6666
66666
5555
4641
2521
5526
6666
6632
2555
6646
66311
3333
5555
216612
2616
66116
5661
616122
6661
5662
66612
66656
2621
5555
6362
22222
61211
66666
66266
2222
2335
6611
6666
6612
2226
6646
5555
5555
5555
6661
2621
6666
6666
1222
1212
2236
1115
666161
2222
1365
3636
6664
6266
6262
6161
6662
6116
6666
2222
66636
2626
6333
66336
5555
66662
66662
6666
56565
6661
161112
66666
6666
66555
6636
6266
66166
2632
6666
2216
65555
6666
666321
6364
1555
6362
2222
2222
16121
1616
6666
61666
2322
6636
2522
6111
6122
6555
65555
6325
5555
2616
6162
6663
5555
1163
66662
6662
6555
6661
6613
66666666
6666
6162622
2661
3366
5555
3366
6662
6333
2262
2626222
5555
5555
1111
12221
6616
66166
2262
63636
66666
6566
6566
1666
6565
22266
2233
6362
666616
6566
5622
1641
6141
6633
31153
26666
2326
6111
6126
2622
5566
616166
2136
3222
26122
6622
66116
1361
66555
6426
2126
6666
621631
1666
63662
6666
5156
6666
62321
5555
66666
6166
1116
6666
6626526
6626
66326
2622
5555
5555
262122
1111
1251
6666
66666
63136
2361
6622
31221
66666
5555
61611
2222
62622
6662
2122
61212
6662
2461
6161
6664
2166
6266
26661
22636
61616
2112
5633
2222
21212
5556
3633
1111
2222
61666
6161
6166
5555
2621
3232
2233
33555
66666
6666
5555
5555
5663
6161
6666
6161
2625
1626
6622
5555
2366
5323
26366
6666
2222
64662
6363
6661
6622
662666
26666
4666
66626
5626
6522
66666
6216622
6266
6666
6662
6636
3535
2226
6166
5666
6616
656663
2646
2622
6266
6326
6666
6616
6651
2222
2222
555555
5566
6161
55555
5555
6665
2666
6661
6616
2212
6666
6636
6631
6632
66611
66614
6612
6666
3636
6666
2121
6663
63611
6666
2622
23661
5566
5551
6666
66336
2126
4122
5555
32555
2221
6666
6363
1666
613616
6622
2222
213222
66661
6666
2636
66162
6666
1155
6262
6666
1216
6252
5566
6666
6666
6666
3366
6366
2611
6661
5612322
5552
6666
1126
6566
266631
6156
4634
6661
6111
5555
66222
6666
1622
266666
5555
6635
6666
2222
26666
6616
1111
6666
555555
5552
16161
2111
2221
1126
2622
1111
6661
11121
161216
55555
166666
23266
6161
2626
2126
2155
11121
3333
5555
6626
623266
21212
3236
5555
16611
26621122
6646
56661
2223
266666
6222
5555
2222
6122
6222
2226
6266
6166
6266
36666
6665
2252
33363
2316
6626626
66662
2666
6616
1323
5555
1161
3631
1633
6162
6666
66266
6632
6626
6666
5653
6666666
6363
3632
6362
66216
66262
66662
2222
6161
2222
66666
63632
3322
66166
5656
5551
6222
1113
1652321
2662
6636
6266
566151
6616
5555
6363
1613
1323
1132
66621
3661
3321
2266
2232
6162
6655
5555
6266
26361
32322
6666
6621
3333
22321
3112
6616
6666
6666
3212
2624
6156
2132
6662266
66466666
1366
66663
2666
2666
2111
2662226
2133
16162
6366
66622
5565
6646
2632
6166
6666
6555
2122
6623
15555
2223
2665
5166
66661
6652
2121
3632
55551
2614
6555
62213
2222
6661
1311
1131
51661
1311
2263
6666
6363
66661
6262
22522
6666
5555
3636
6262
5555
2666
5555
6363
266632
2121
2322
26662
6613
61616
2522
6666
26611
6363
6612
6621
26662
6266
5555
666116
66666
5555
22216
6615
2232
5555
6665
66232
5555
2211
2211
5652
3316
6166
2622
6662
66666362
6666
4664
2221
2244
2626
33116
2116
22222
6626
2121
6646
6665
3231
66554
3555
2266
66616
1666
66666
5555
666666
2261
6626
5552
1555
5555
6266
6666
5555
16336
66626
6666
3222
55555
6666
2226
6222
6646
6122
6662
1146
1122
66466
646555
6336
2622
2226
66626
22262
6166
66262
6525
2666
6666
2622
61666
2166
6156
6222
6666
2116
6661
4436
6663
6661
666666
4611
5156
2126
5555
2221
666636
2513
621166
6262
3366
66611
2532
2611
5666
66661
2266
6616
1626
6636
6626
2666
6622362
216666
26166
6126
1666
55555
5555
6632
5613
22213
6161
2222
6122
66646
555555
1111
6266
2621
112621
2222
66662
226222
6555
6666
66666
1161
2323
6646
56611
6616
6611
1666
6666616
2222
21122
5555
5616
5655
6611
6626
612154
11163
6632
26146
12112
66652
55555
663662
5555
22535
6666
2626
6362
5255
6622
6212
2525
2216
22261
5665
2626
3666
1211
2121
5555
5362
2622
2256
2666
66666
1665
66666
2612
6161
2366
6666
6666666
6666
6626
5225
2111
6333
5555
2366
1616
6666
2366
52566
2621
6666
11611
2221
2266
222166
6162
2266
6666
66636
661122
5555
6323
5551
5366
3132
6616
66666
6366
2222
6626
6666
6616
6166
6613
3322
6666
6555
1666
6555
6612
655555
21616
2525
66666
66666
2666
666612
6622
4666
6151
6355
2222
6216
26662
2621
55555
2666
55555
66666
6111
6662
6666663
26161
2331
6664
266136
1111
2612
226631
63666
5151
5555
65266
6666
66666666
1666
66666
2216
6666
5555
6566
66666
6666
6666
6356
6555
33666
656565
6666
3626
23362
2322
6626255
2221
62161
63666121
6621
61616
6222
555555
2211
2121
12222
6222
5565
5555
66662
6666
6666
6663
2666
2665
2236
61626
66666
5555
21121
6666
3626
6363
6633
6663
2262
6362
5555
5663
36623
6161
5555
3633
61666
6666
6622
2555
1616
363566
6612
1216
6166
66666
2266
5555
6565
6666
6662
2111
11161
6166
6131
5555
2226
26262
66652
26222
661261
6466
6166
6232
51515
6622
6362
2555
21111
2666
6666
2222
2222
3222
6626
5555
26261
3636
6616
2226
2666
3336
6665
3362
255262
326536
6116
6666
1614
6366
66666
2126
6666
2662
5555
6666
55555
2661
122662
65566
6636
3525
5555
6226
2222
22111
1366
26662
2222
2666
6666
6266
6666
16661
2122
1226622
5555
6161
6161
6661
262261
1626
5255
6222
6666
666622
6122
1666
2616
22126
2222
366616
6626
5555
6616
2166
61666
6565
6116
5555
1121
63663
66616
6621
5555
2566
66656
6666
1121
6631
222666
2622
6555
22363
216666
5555
66631
2665
5555
6366
2163
2261
6555
3362
2662
2222
2266
6221
6466
2266
6661
61663
3136
6166
6621
11121
666666
66666
6666
5555
5665
2216
6666
22666
5513
6661
6661
6266
2422
63333
2223
6666
2121
6616
6666
3363
5555
6661
6665
1622
6616
656565
6666
6622
6666
6666
6661
6662
3166
6525
6666
2222
52525
6566
2522
2616
5555
6665
2112
6336
6166
666666
6626
55555
1636
2666
612131
2222
12666
6156
5512
6621111
6666
666666
1216111
1661
66662
2664
4666
6621
3666
6626
66666
6221
6666662
212166
622626
6666
66555
2666
1266
55552
216666
2616
22636
6366
61662
555555
2321
26626
3565
6616
2662
6666
6661
2216
6651
55513
616163
6562
2622
2322
1326
355512
66366
6222
22222
6662
6661
2222
2222
6262
1661
1666
2221
2632
66625
2646
6636
66663
2622
1112
22224
55155
6556
6633
3322
2626
46661
3666
2222
5566
2626
2111
2366
62255
6621
5655
5556
2226
551611
66622
262626
6666
5555
6226
6666
6166
6666
4611
5665
22616
6666
6263
6655
6661
6622
3212
66666
6555
5555
16621
22666
661212
2161
3636
266666
6624
6556
4342
555521
5555
662666
6666
2226
5651
666261
5555
6622
6642
5646
6646
6661
6666
2212
66661
6121
6555
6262
6555
6611
6666
65511
2166
1116
6666
11611
6261
6266
2665
6616
116632
26626
6666
6166
2336
6156
2366
26266
66222
6666
2262
3333
6266
555555
6666
2626
6662
6666
6661
26666
666663
6322
36551
6166
3626
6666
2661
21231
6365
2312
6313
35161
6615
22222
25616
6553
32233
2121
6331
6661166
6666
2222
2645
26662
3654
11313
6663
3636
6151
2126
1666
2222
5555
2661
6266
3333
6661
6226
6666
611111
6362
2221
6666
6644
6666666
6633
21226
2161
6661
6561
2662
6661
6555
22612
6663
16664
26266
666121
6525
2222
1122
6663
52662
6666
26666
66626
16166216
6666
6565
2666
6366
223651
3366
6614
1666
6363
2222
6655
6166
2666
6666
3622
6552
2636
6666
35666
2525
1166
6366
6566
666161
6622266
6622
1216
55656
2222
6161
26261
2266
1611
6666
5555
6321
2121
66656
5555
6266
5555
2666
6222
5666
2421
55555
5555
6663
1226
2463
6666
6666666
1212
66366
6266
2323
6666
66366
2166
21166
6616
2611
2333
6666
6662
1222
2622
3666
2221
6661
2211
5666
2211
6666
16666
6666
2261
5555
26222
6666
66666
221226
2231
6666
6665
6666
6666
6212
2266
5556
66666
6666
6326
6161
5615
65656
66616
2222
6666
6666
6636
66211
2266
6266
55555
6661
6561
36666
2361
2111
2222
6161
5156
15651
2626
6664
2121
6616
3333
2126
6616
2621
1666
6626
6666
666666
3366
666622
6633
6612
2666
2261
2666
3112
6616
6646
2622
5555
661222
11611
26666
6266
2222
6666
2126
2666
6661
6613
6111
6666
6666
2566
65266
5555
6666
2166
642266
6666
2622
2166
6666
2326
5666
66662
1616
6361
666662
6222
62216
6661
6322
2666
5555
1111
2666
6666
6666
6551
6626
55551
6611
6666
5555
6662
5555
1266
6262
666666
3655
6656
6661
6626
6226
6161
6161
6116
26111
6666
6661
6616
6666
6616
26636
2611
6616
6666
2666
61612
6632
5661
66646
6111
6111
6666
1111
6655
61222
2232
61331
2216661
1166
6656
5555
6166
22122
6631
61162
6661
6666
5555
6613
5555
6661
162666
6666
62666
5555
1666
666666
6616
2666
26666
6661
6536
66444
26232
66666
6126
66116
2161
6162
6126
5661
5555
6616
1162
6661
6626
2121
6162
2161
662666
24266
21666
6251
2666
6236
6666
6122
6161
6566
2222
1666
656613
11121
2222
22261
6466
6666
6611
6626
66644
55566
6555
2221
6161
6663
36362
6642
6261
6366
1616
12444
5231
26661
615555
6662
6666
66366
6163
63266
5555
6661
6666
6161
5555
2426
2666
1611
1626
2132
6662
1616
1366
22611
66666
6565
1666
66616
36666
6546
2111
6622
1222
5555
1613
6661
1655
555555
6612
6122
6666
2421
6116
4555
6666
5563
1662
2616
626222
2222
6666626
6222
6622
5555
4656
6666
1631161
6166
2616
2621
6361
6661
2666
2126
6611
6666
66666
6666
222622
22223
2126
26666
66166
6666
25256
2225
6632
6621
6321622
6166
6622
26666
2326
65666
6662
5555
6256
6162
6626
6161
22266
6162
26266
6621
6163
5666
5556
6661
2662
1611
5551
2666
2266
2222
6666
64632
65555
6161
1126
6166
2121
6111
63666
2266
1666
55555
6226
2663
1126
22622
16662
666661
6643
66615
6666
2266
66666
6262
2612
6266
2122
2226
5555
22622
3262
6162
6666
2612
6211
66666
6266
3333
6462
6216
1114
2626
6661
6612
2222
5555
2611
62211
6464
6663
6311
6666
66666
66665
5555
16636
6326
6566
6666
6636
5666
6211
5555
666466666
3362
66666
6262
66631
6515
3666
1326
1666
6611
6226
3266
6664
6666
6666
6162
6666
63661
6261
6661
6636
6222
22261
6611
2121
6226
2666
66662
2666
6266
6666
66112
2266
66665
66666
6666
1612
3366
16162
5356
3232
5656
6161
22261
66666
6666
6621
6665
6622
2111
6666
5656
6616161
1662
622216
232211
2666
2112
3661
31266322
1211
2666
2622
3211
6666
5662
1636
2663
6655656
2216
1666
55556666
6336
6222666
2666
2226
5555
1611
661666
6666
6666
6666
2662
2261
26164
1116166
1111
6616
63662
3333
6661
66633
2166661
6166
6626
6266
6633
66666
6661
666666
6216
33361
2162
6611
6363
21666
6222
6166
3316
56666
5455
2121
3322
6656
6662
62212
6666
6646
2666
5556
6555
6661
66656
2366
2666
6663
2122
3222
66262
6616
6166
262662
6426
5552
1112
66666
112222
3366
2216
166566
26656
6665
1222
6622
66615
66635
6666
2161
3216
65555
2666
1222
2662
6666
2331
